OMP_sort
6662696077.000000
3431062618.000000
2417657184.000000
1821061934.000000
1638063351.000000
1437561010.000000
1225623234.000000
1089778208.000000
1045643679.000000
951452878.000000
904140721.000000
761463358.000000
713060684.000000
674114508.000000
694288587.000000
652796351.000000
645237870.000000
619251726.000000
653697586.000000
627122409.000000
616169744.000000
598777387.000000
575530416.000000
662092961.000000
629434310.000000
613961653.000000
597410666.000000
563066189.000000
543565163.000000
538839453.000000
528973860.000000
513351720.000000
