OMP_sort
3785031891.000000
2077091497.000000
1424111583.000000
1087032574.000000
938836660.000000
763346073.000000
652181439.000000
546153842.000000
505741008.000000
456163522.000000
419629229.000000
401427669.000000
383215490.000000
360532908.000000
347025277.000000
325521479.000000
324645362.000000
319370004.000000
319021919.000000
327421786.000000
317661027.000000
316568280.000000
301224223.000000
292259836.000000
283618784.000000
283011348.000000
282246669.000000
262340559.000000
259786183.000000
257674325.000000
257386218.000000
246898997.000000
