OMP_sort
3590482212.000000
1938114416.000000
1383232776.000000
1002031621.000000
888167958.000000
715918213.000000
578105422.000000
514468259.000000
464240634.000000
428741345.000000
385456223.000000
368055470.000000
358202478.000000
348443067.000000
320291807.000000
302807588.000000
298827664.000000
296433059.000000
294295244.000000
291897957.000000
299941832.000000
295294327.000000
288554410.000000
277072407.000000
273670069.000000
270316828.000000
263764812.000000
246752316.000000
246101543.000000
240543737.000000
239393194.000000
235479224.000000
